48
130
14
34
2
1
3
48
130
13
222
6
9
42
134
72
134
247
13
1
7
1
160
130
13
207
4
130
13
203
48
130
13
199
48
130
5
144
6
9
42
134
72
134
247
13
1
7
1
160
130
5
129
4
130
5
125
48
130
5
121
48
130
5
117
6
11
42
134
72
134
247
13
1
12
10
1
2
160
130
4
238
48
130
4
234
48
28
6
10
42
134
72
134
247
13
1
12
1
3
48
14
4
8
98
11
250
15
240
125
91
86
2
2
7
208
4
130
4
200
46
41
4
253
159
214
95
21
202
7
84
83
204
254
75
248
66
41
206
105
107
49
83
143
133
25
15
109
244
50
107
191
225
215
171
220
86
66
134
180
32
127
61
121
94
255
212
190
46
88
228
139
105
30
139
50
85
122
251
213
148
2
50
71
142
15
20
243
36
62
234
224
240
234
132
142
165
143
110
238
133
237
75
68
245
160
10
93
10
109
77
55
114
242
43
51
1
68
219
56
20
100
205
34
195
89
26
108
99
190
105
9
33
112
47
224
90
221
235
141
110
22
220
214
151
103
43
88
139
165
229
35
100
36
75
194
250
105
204
235
189
133
168
40
163
4
180
75
130
85
248
127
183
197
154
126
205
6
86
87
150
236
119
250
174
172
123
63
252
89
87
51
73
46
63
134
93
157
36
77
201
23
50
246
78
184
93
11
44
187
252
167
193
48
19
217
49
194
243
184
44
241
45
80
205
136
86
57
153
136
224
203
72
148
94
84
93
117
104
37
167
92
154
99
120
80
56
226
193
115
117
98
126
212
167
119
254
122
95
51
112
169
111
162
250
98
211
210
5
63
228
16
69
140
69
233
134
212
200
2
182
87
210
121
135
145
53
137
115
49
208
2
130
53
228
88
234
98
64
4
6
87
152
106
157
130
176
110
114
206
53
244
255
107
243
225
151
230
195
159
193
68
161
233
85
84
194
92
246
155
66
117
47
59
78
131
43
80
196
117
32
102
238
52
164
29
131
49
46
106
1
114
85
20
91
108
248
106
78
28
99
117
159
132
155
21
147
38
173
215
182
140
162
219
89
203
33
137
192
9
5
120
17
165
186
85
15
255
77
122
157
207
214
135
161
236
84
73
133
139
93
39
208
196
10
158
79
39
185
243
22
60
216
153
233
5
255
192
146
38
172
25
238
116
211
179
215
123
200
4
185
152
67
42
149
120
55
144
209
55
139
12
64
92
215
54
94
4
221
35
176
91
162
169
195
52
165
147
92
32
221
210
224
115
129
30
21
252
150
252
214
208
83
213
37
162
21
224
251
185
153
133
239
203
92
253
165
120
173
253
1
146
38
17
90
218
160
241
249
162
9
116
56
44
174
222
145
160
209
41
210
18
127
145
255
1
169
62
229
168
30
179
203
89
61
185
125
149
249
50
236
31
214
213
182
191
251
247
152
22
232
212
94
22
34
62
41
49
22
81
86
174
30
187
74
201
197
213
118
36
200
248
175
138
105
7
43
62
46
7
32
166
159
95
243
142
21
245
153
162
104
19
154
81
75
68
5
155
238
185
203
81
34
92
82
144
78
89
106
104
175
44
232
45
237
219
88
0
225
40
8
141
14
170
173
16
151
226
192
34
66
139
116
252
190
85
147
212
240
44
225
246
204
81
198
3
214
115
57
151
191
192
71
151
195
65
247
97
181
8
240
137
222
203
58
21
113
78
36
254
253
69
245
36
25
39
196
163
110
63
127
119
49
3
4
231
158
200
230
212
45
119
130
47
182
232
227
4
20
148
155
11
43
120
212
238
26
209
151
250
52
13
228
126
179
176
148
89
236
124
7
55
125
125
155
181
74
53
106
165
215
123
185
209
37
245
6
74
61
183
27
206
51
60
51
217
3
210
91
153
197
249
88
152
203
35
184
34
126
195
248
110
185
207
5
44
34
129
157
116
38
251
35
225
67
45
167
111
56
25
246
177
104
45
119
235
104
110
89
153
83
244
156
89
62
25
218
135
126
129
120
131
205
169
207
57
205
26
65
236
22
237
98
228
107
128
203
94
91
114
209
135
117
56
240
254
170
231
137
138
1
51
26
184
98
199
143
187
113
173
8
190
80
30
105
96
119
139
124
29
20
183
224
216
228
185
120
83
115
49
97
212
4
190
10
71
175
36
91
222
176
192
138
169
177
67
67
71
19
135
76
250
52
6
91
15
47
48
167
19
175
142
165
212
122
26
29
216
215
171
17
205
124
51
8
96
32
91
84
141
171
185
177
6
181
208
7
238
131
201
211
89
90
120
32
188
185
65
101
186
216
95
75
127
2
114
101
239
31
232
44
195
241
190
31
195
53
177
235
137
10
97
117
96
239
40
158
159
229
254
28
191
169
150
47
162
10
134
119
98
191
91
71
43
168
185
173
164
7
228
215
74
3
125
198
38
30
167
15
208
171
242
211
241
174
121
123
244
176
230
107
198
191
82
33
111
33
220
135
177
60
220
219
236
7
67
173
241
241
186
81
100
202
165
108
204
8
173
154
70
183
226
120
32
196
163
95
142
186
143
223
60
15
36
60
103
165
176
23
169
24
130
144
165
86
0
47
167
221
234
110
66
75
87
31
252
35
255
74
247
224
177
184
163
219
219
96
148
46
118
27
69
180
170
153
6
164
152
179
30
56
26
19
4
78
34
209
251
22
40
19
246
44
24
235
233
77
170
196
195
255
254
152
238
9
161
197
28
106
106
136
219
13
150
172
190
204
110
188
112
58
120
175
197
178
192
57
10
44
238
34
54
224
239
52
55
195
171
236
181
13
77
128
197
26
26
88
108
98
230
94
11
134
0
43
182
238
26
193
118
190
165
148
41
17
77
210
94
192
90
183
184
217
25
193
165
43
203
98
254
63
188
118
143
98
63
67
205
116
12
32
254
157
254
135
73
80
237
232
141
87
174
7
3
73
177
149
175
203
227
88
210
61
124
86
244
234
113
157
103
49
182
85
236
179
156
155
170
12
125
134
134
247
0
151
52
6
152
46
68
75
71
251
38
49
116
48
19
6
9
42
134
72
134
247
13
1
9
21
49
6
4
4
1
0
0
0
48
93
6
9
43
6
1
4
1
130
55
17
1
49
80
30
78
0
77
0
105
0
99
0
114
0
111
0
115
0
111
0
102
0
116
0
32
0
83
0
111
0
102
0
116
0
119
0
97
0
114
0
101
0
32
0
75
0
101
0
121
0
32
0
83
0
116
0
111
0
114
0
97
0
103
0
101
0
32
0
80
0
114
0
111
0
118
0
105
0
100
0
101
0
114
48
130
8
47
6
9
42
134
72
134
247
13
1
7
6
160
130
8
32
48
130
8
28
2
1
0
48
130
8
21
6
9
42
134
72
134
247
13
1
7
1
48
28
6
10
42
134
72
134
247
13
1
12
1
3
48
14
4
8
128
175
136
184
171
145
244
247
2
2
7
208
128
130
7
232
146
62
145
172
243
111
42
16
126
114
235
132
38
36
167
228
12
228
244
88
145
235
8
33
20
119
168
94
70
171
35
241
95
222
236
119
224
90
181
119
25
228
132
78
14
40
200
110
192
197
179
253
207
65
154
35
167
187
206
83
90
185
72
77
137
6
39
222
239
182
218
23
227
212
37
108
31
66
211
24
131
93
141
254
26
132
122
123
17
184
215
154
186
50
138
176
182
54
44
6
71
86
31
120
150
15
142
229
121
101
78
48
116
22
235
215
72
193
31
249
127
60
89
219
25
144
227
225
250
254
45
3
75
137
65
76
26
161
140
79
147
101
141
46
36
153
119
54
88
109
153
206
150
236
128
96
207
92
194
216
202
210
53
168
67
121
219
131
248
116
215
26
166
247
210
141
35
191
143
227
251
243
148
114
73
74
230
176
42
147
134
88
209
230
148
42
209
97
190
115
168
151
129
165
3
231
73
147
142
3
250
198
166
127
38
149
61
108
158
184
229
79
138
203
82
195
91
72
211
217
164
81
178
25
214
96
19
145
184
153
217
86
164
30
120
132
47
239
255
178
202
113
250
91
95
243
238
106
53
137
188
7
86
51
122
45
195
178
92
10
241
220
250
225
139
241
174
234
73
9
90
107
129
150
217
182
20
44
168
31
21
75
66
178
96
51
198
248
38
191
129
205
104
92
106
87
226
178
252
100
22
2
122
250
86
4
195
179
82
31
235
198
226
19
114
102
224
98
154
156
73
11
157
82
53
88
245
130
49
136
18
32
106
196
76
110
38
114
84
26
156
151
191
203
17
2
248
234
38
110
63
179
11
168
116
235
243
133
230
237
156
68
104
242
246
209
136
224
177
241
159
80
73
54
121
65
123
121
104
70
143
37
160
136
128
10
125
100
10
107
105
137
69
145
28
29
159
39
145
243
68
62
61
200
36
73
235
249
185
24
183
16
231
24
100
226
32
146
51
34
209
209
198
71
219
218
93
35
213
19
134
29
244
170
171
219
60
10
70
66
88
102
150
202
115
107
103
139
172
47
156
123
95
148
226
74
183
182
102
179
16
161
77
143
139
22
23
128
165
83
60
240
113
31
217
228
109
250
227
120
168
173
178
88
229
217
167
123
182
1
140
30
198
146
38
217
1
204
201
138
20
40
142
13
209
120
250
119
65
133
48
180
148
67
103
125
122
57
198
247
32
119
43
38
129
32
234
118
226
100
35
149
193
51
74
248
239
224
29
34
68
18
201
45
119
113
168
225
63
85
199
113
183
82
184
100
195
242
103
180
119
73
114
131
30
178
133
107
10
12
131
151
58
47
121
170
247
144
96
160
110
249
183
142
240
183
115
169
243
165
246
71
20
114
190
211
116
193
109
118
143
10
119
16
1
90
115
113
149
198
139
0
197
232
249
146
178
223
82
72
88
111
61
85
62
217
94
121
47
132
132
39
241
219
1
45
108
52
137
23
26
31
191
159
205
46
147
1
207
85
218
165
233
111
119
242
96
219
220
9
155
234
220
73
197
53
238
254
101
75
200
251
151
218
246
213
15
19
28
29
198
168
254
95
239
136
204
145
31
250
250
77
3
98
173
148
221
119
255
222
235
188
31
240
15
173
187
91
176
24
246
235
180
93
197
13
123
19
90
154
134
92
208
213
115
170
166
145
47
106
103
174
51
249
76
126
129
168
8
23
157
105
96
194
8
216
135
50
8
132
172
115
78
10
125
28
74
194
185
5
176
101
190
149
12
218
248
25
53
38
108
25
169
131
239
217
53
254
186
197
19
230
45
84
228
20
88
129
149
225
246
97
24
159
238
228
17
225
231
10
166
57
136
95
27
166
203
228
230
178
199
99
254
221
1
1
222
11
166
254
54
161
255
103
93
62
207
166
168
229
243
90
39
148
1
127
251
53
38
29
253
104
189
156
88
59
20
82
130
66
61
15
64
76
35
233
196
249
173
160
245
87
241
55
94
89
25
69
125
2
249
204
181
114
117
137
100
68
7
59
2
226
4
211
156
112
38
96
232
200
17
24
111
64
34
162
151
240
197
158
38
213
232
71
151
173
87
35
109
175
138
86
144
72
188
186
197
2
124
59
19
92
76
139
246
60
172
219
236
192
4
180
67
180
16
216
200
56
29
214
33
75
194
42
254
118
212
232
140
19
73
173
156
46
21
60
41
65
10
55
4
170
80
0
132
246
174
255
18
32
248
29
206
110
10
47
177
248
63
213
212
41
31
86
171
231
185
138
72
228
213
184
58
250
199
55
4
25
103
68
45
85
166
116
232
235
165
199
157
47
61
184
139
175
53
25
235
42
220
193
108
83
55
101
132
125
91
124
200
65
74
249
81
201
40
71
115
202
159
235
60
176
123
112
168
65
23
141
111
49
209
207
198
226
146
240
179
122
117
246
212
2
133
214
168
80
37
57
101
154
223
5
8
255
18
161
27
175
106
142
216
126
72
9
83
103
168
128
150
222
228
122
118
5
194
64
151
247
139
192
175
18
132
234
2
24
216
83
129
36
86
241
239
92
144
0
0
123
189
209
131
223
224
222
117
218
227
252
140
16
249
209
22
210
134
194
171
27
185
217
84
69
248
175
253
93
106
225
63
159
120
117
209
251
236
93
138
209
4
245
52
148
107
218
32
182
113
141
173
144
32
245
246
53
33
16
251
212
31
40
102
221
120
40
210
55
184
17
190
230
179
36
250
164
67
176
147
10
193
141
53
5
43
212
161
154
59
212
107
88
49
11
236
11
168
127
45
131
247
129
238
116
135
124
203
26
234
128
160
202
26
86
232
90
235
77
160
24
65
16
56
37
22
252
178
57
185
63
176
194
143
32
88
238
105
88
218
95
30
239
97
192
73
178
247
224
250
255
176
8
173
66
155
212
62
213
63
72
149
78
166
214
198
88
206
19
126
143
134
236
245
106
223
26
246
79
10
101
5
99
255
141
202
101
175
223
46
116
214
157
159
198
224
237
37
72
165
117
11
242
228
38
74
53
206
61
65
178
177
174
228
248
97
212
103
158
134
51
45
66
42
159
50
170
200
163
33
207
142
179
192
162
209
131
223
146
40
90
156
73
170
246
242
185
46
3
119
19
41
27
244
160
69
179
223
44
61
2
19
133
196
95
145
58
104
157
217
142
43
87
92
19
75
74
113
37
42
175
11
165
3
122
184
225
53
223
173
41
27
148
50
49
82
187
63
30
114
22
216
142
80
65
249
248
197
17
135
129
89
27
240
239
60
208
165
9
64
6
149
3
254
21
228
41
110
89
255
220
202
196
165
219
191
8
160
96
88
77
82
152
155
100
114
246
201
57
12
241
101
21
237
211
198
40
138
148
51
0
94
65
237
29
230
235
64
39
195
174
78
230
167
181
28
141
10
131
127
105
237
169
180
27
64
204
198
200
158
165
41
249
33
114
22
193
140
172
1
213
55
107
127
126
188
216
193
45
35
151
178
28
250
203
191
130
177
49
130
130
244
18
234
65
68
104
20
59
65
49
72
23
119
100
154
114
168
145
33
79
250
234
210
225
176
24
49
179
36
211
6
252
207
15
20
19
11
32
55
246
126
134
19
250
174
140
53
156
88
212
9
62
136
64
123
105
193
205
34
88
255
106
82
130
193
228
110
85
82
115
109
1
95
163
25
191
134
164
22
40
137
1
211
182
246
166
205
198
163
238
114
13
153
254
202
255
104
123
9
87
146
44
88
11
123
73
49
192
141
76
105
56
26
87
0
79
106
97
12
88
4
72
17
8
65
168
104
228
56
88
31
63
126
154
158
172
208
191
176
180
169
105
129
69
89
253
80
237
82
202
11
2
215
166
19
87
60
7
123
35
134
243
216
158
21
89
154
40
82
93
233
225
77
38
252
165
68
182
209
163
61
212
1
74
223
156
28
121
248
32
47
107
115
27
118
230
171
145
246
36
99
110
49
30
143
8
211
249
72
74
32
233
127
40
161
42
201
128
59
92
234
236
203
58
212
164
134
30
151
212
101
140
193
119
161
38
136
25
163
136
180
199
34
151
220
56
178
102
72
16
19
11
119
19
124
248
26
166
39
140
134
31
114
115
142
1
146
235
233
179
54
122
194
114
141
4
108
7
184
24
218
227
80
56
42
160
155
169
142
82
146
118
97
93
44
108
193
83
104
46
201
109
14
200
185
196
183
15
41
45
56
203
238
76
88
79
241
231
242
196
109
82
116
153
238
92
150
32
82
29
162
222
63
171
58
219
129
52
248
68
152
220
112
50
183
108
77
9
239
30
218
62
29
189
42
195
48
32
106
129
192
20
110
247
227
209
133
184
122
146
1
217
224
3
108
10
44
74
230
218
85
34
3
244
64
219
26
115
222
152
239
91
125
186
48
153
52
35
232
78
213
186
220
112
113
155
24
97
31
182
146
188
245
216
204
248
196
32
110
139
109
93
225
137
74
158
109
56
79
199
80
80
32
140
94
77
61
228
205
17
146
175
194
83
245
84
83
182
70
247
210
183
45
211
122
39
62
236
209
25
187
34
198
38
137
91
109
2
63
24
56
166
108
180
79
213
48
59
48
31
48
7
6
5
43
14
3
2
26
4
20
218
35
246
253
243
27
249
242
248
56
122
17
220
36
169
229
104
90
62
75
4
20
7
211
198
219
190
253
112
199
242
79
66
153
7
228
107
79
66
39
23
2
2
2
7
208
